{
    "Skaarj_Geo_2020:body_ctrl": {
        "translateX": 3.6676880317909504, 
        "translateY": 6.755517097320936, 
        "translateZ": -0.5023058189838637, 
        "scaleX": 3.530286836259518, 
        "scaleY": 0.011682644713560172, 
        "visibility": true, 
        "rotateX": 0.0, 
        "rotateY": 0.0, 
        "rotateZ": 0.0, 
        "scaleZ": 3.530286836259518
    }
}